example:
iter - weight
1000 - 64
993 - 64
986 - 64

1e9 mod 7 = 6
1000 mod 7 = 6
implies weight of 64


input:
9950 100710 ====
9951 100746
9952 100780
9953 100810
9954 100843
9955 100869
9956 100893
9957 100902
9958 100904
9959 100902
9960 100898
9961 100890
9962 100873
9963 100850
9964 100817
9965 100782
9966 100736
9967 100687
9968 100642
9969 100588
9970 100531
9971 100492
9972 100467
9973 100449
9974 100430
9975 100425
9976 100424
9977 100425
9978 100444
9979 100468
9980 100482
9981 100494
9982 100507
9983 100531
9984 100545
9985 100580
9986 100614
9987 100648
9988 100680
9989 100710 ====
9990 100746
9991 100780
9992 100810
9993 100843
9994 100869
9995 100893
9996 100902
9997 100904
9998 100902
9999 100898

1e9 mod 39 = 25
9970 mod 39 = 25
implies weight of 100531